No of transitions : 6 
No of Places : 5 

Transition number 0 :
(1.000000,0.000000,0.000000,0.000000,0.000000)
0.000000,1.000000,0.000000,0.000000,0.000000)
Transition number 1 :
(1.000000,0.000000,0.000000,0.000000,0.000000)
0.000000,0.000000,0.000000,1.000000,0.000000)
Transition number 2 :
(0.000000,1.000000,0.000000,0.000000,0.000000)
0.000000,0.000000,2.000000,0.000000,0.000000)
Transition number 3 :
(0.000000,0.000000,1.000000,0.000000,0.000000)
0.000000,1.000000,0.000000,0.000000,0.000000)
Transition number 4 :
(0.000000,0.000000,0.000000,1.000000,0.000000)
0.000000,0.000000,0.000000,0.000000,2.000000)
Transition number 5 :
(0.000000,0.000000,0.000000,0.000000,1.000000)
0.000000,0.000000,0.000000,1.000000,0.000000)
